[23999.227741] [Project1] 6247 1588165991.170276523 1588165998.105730888
[23999.970526] [Project1] 6256 1588165998.119899093 1588165998.848889030
[24001.427780] [Project1] 6257 1588165999.577883364 1588166000.306872092
[24002.885029] [Project1] 6258 1588166001.035857533 1588166001.764847793
[24004.342460] [Project1] 6259 1588166002.494020155 1588166003.223008976
[24005.799542] [Project1] 6260 1588166003.951830249 1588166004.680819416
[24007.256759] [Project1] 6263 1588166005.409775987 1588166006.138764563
[24008.714010] [Project1] 6264 1588166006.867756005 1588166007.596745076
[24010.171257] [Project1] 6265 1588166008.325731389 1588166009.054720556
[24011.628505] [Project1] 6266 1588166009.783707625 1588166010.512697070
